x = [800
799
798
797
796
795
794
793
792
791
790
789
788
787
786
785
784
783
782
781
780
779
778
777
776
775
774
773
772
771
770
769
768
767
766
765
764
763
762
761
760
759
758
757
756
755
754
753
752
751
750
749
748
747
746
745
744
743
742
741
740
739
738
737
736
735
734
733
732
731
730
729
728
727
726
725
724
723
722
721
720
719
718
717
716
715
714
713
712
711
710
709
708
707
706
705
704
703
702
701
700
699
698
697
696
695
694
693
692
691
690
689
688
687
686
685
684
683
682
681
680
679
678
677
676
675
674
673
672
671
670
669
668
667
666
665
664
663
662
661
660
659
658
657
656
655
654
653
652
651
650
649
648
647
646
645
644
643
642
641
640
639
638
637
636
635
634
633
632
631
630
629
628
627
626
625
624
623
622
621
620
619
618
617
616
615
614
613
612
611
610
609
608
607
606
605
604
603
602
601
600
599
598
597
596
595
594
593
592
591
590
589
588
587
586
585
584
583
582
581
580
579
578
577
576
575
574
573
572
571
570
569
568
567
566
565
564
563
562
561
560
559
558
557
556
555
554
553
552
551
550
549
548
547
546
545
544
543
542
541
540
539
538
537
536
535
534
533
532
531
530
529
528
527
526
525
524
523
522
521
520
519
518
517
516
515
514
513
512
511
510
509
508
507
506
505
504
503
502
501
500
499
498
497
496
495
494
493
492
491
490
489
488
487
486
485
484
483
482
481
480
479
478
477
476
475
474
473
472
471
470
469
468
467
466
465
464
463
462
461
460
459
458
457
456
455
454
453
452
451
450
449
448
447
446
445
444
443
442
441
440
439
438
437
436
435
434
433
432
431
430
429
428
427
426
425
424
423
422
421
420
419
418
417
416
415
414
413
412
411
410
409
408
407
406
405
404
403
402
401
400
399
398
397
396
395
394
393
392
391
390
389
388
387
386
385
384
383
382
381
380
379
378
377
376
375
374
373
372
371
370
369
368
367
366
365
364
363
362
361
360
359
358
357
356
355
354
353
352
351
350]

Cont = [0.159517
0.160654
0.160325
0.161784
0.161342
0.161869
0.162596
0.163057
0.163527
0.16337
0.164579
0.165434
0.165239
0.165871
0.166278
0.166999
0.1676
0.169458
0.168897
0.170097
0.171286
0.171766
0.173467
0.173784
0.174648
0.175559
0.177205
0.17817
0.178847
0.180301
0.181953
0.182982
0.18384
0.185701
0.186957
0.188667
0.189373
0.19009
0.190263
0.191665
0.19251
0.193149
0.193252
0.194096
0.194097
0.195151
0.195435
0.196144
0.196509
0.196253
0.197124
0.197429
0.197464
0.198032
0.198572
0.198786
0.199081
0.199065
0.199161
0.199964
0.200174
0.200137
0.200927
0.200917
0.201008
0.200422
0.201703
0.202249
0.202094
0.202744
0.202363
0.202904
0.203621
0.203931
0.203599
0.204075
0.20516
0.204869
0.205294
0.205185
0.206495
0.205936
0.206584
0.206559
0.207121
0.207961
0.208573
0.208875
0.209689
0.209808
0.209607
0.210665
0.210839
0.211602
0.211821
0.212265
0.212206
0.212953
0.212823
0.213386
0.214327
0.215222
0.215933
0.216627
0.216188
0.217597
0.21807
0.218515
0.219334
0.220201
0.220675
0.221627
0.221712
0.222012
0.222696
0.223192
0.223736
0.224306
0.224545
0.224464
0.225415
0.226482
0.227174
0.227266
0.228481
0.228396
0.229055
0.229706
0.230827
0.231425
0.232538
0.233179
0.233352
0.234111
0.23425
0.235498
0.235655
0.236534
0.237864
0.238739
0.23905
0.239314
0.239789
0.242245
0.243369
0.243762
0.244286
0.246068
0.246581
0.247284
0.24796
0.249205
0.250112
0.251229
0.252475
0.252809
0.253347
0.254271
0.255023
0.255546
0.257627
0.257403
0.259046
0.259435
0.260432
0.261452
0.261907
0.263674
0.264459
0.265015
0.26662
0.267159
0.268728
0.269075
0.270534
0.272147
0.272857
0.274491
0.274924
0.276573
0.27704
0.278891
0.279732
0.280296
0.28171
0.283222
0.284219
0.285062
0.286157
0.286657
0.288516
0.289285
0.291297
0.29231
0.294272
0.294999
0.295806
0.296957
0.298769
0.299724
0.30185
0.302793
0.30511
0.306106
0.307223
0.308138
0.308924
0.310359
0.312689
0.314958
0.315371
0.316762
0.318178
0.320069
0.321776
0.323639
0.325887
0.325622
0.328506
0.329524
0.330975
0.333841
0.333653
0.336536
0.336909
0.338833
0.340352
0.342424
0.343913
0.346237
0.346723
0.350255
0.351243
0.353532
0.355381
0.357498
0.359056
0.361532
0.364443
0.365335
0.367366
0.368917
0.371601
0.373151
0.375986
0.378178
0.381015
0.381262
0.383866
0.386221
0.389119
0.391726
0.394895
0.395302
0.397296
0.399983
0.403443
0.403844
0.407586
0.409065
0.412015
0.414742
0.419428
0.421392
0.423732
0.428038
0.430647
0.43256
0.436129
0.441261
0.445521
0.446705
0.449734
0.452312
0.456718
0.459841
0.465116
0.469716
0.474523
0.480374
0.484904
0.490336
0.495569
0.501742
0.511297
0.518966
0.527539
0.536308
0.546089
0.558274
0.570415
0.585082
0.59727
0.611021
0.625843
0.641271
0.652899
0.664269
0.673703
0.682572
0.688766
0.690928
0.694062
0.694724
0.694984
0.696433
0.696065
0.695563
0.694487
0.691726
0.692672
0.695183
0.694955
0.693118
0.698492
0.699825
0.700712
0.703039
0.705277
0.710157
0.713891
0.716214
0.720692
0.724653
0.729548
0.734061
0.739974
0.740121
0.746886
0.751455
0.756193
0.762226
0.765457
0.77033
0.776812
0.781858
0.78703
0.793091
0.801139
0.806231
0.812317
0.814658
0.824809
0.831013
0.838966
0.842738
0.849095
0.855386
0.862501
0.869833
0.879398
0.885579
0.894135
0.898974
0.906107
0.913314
0.920822
0.930199
0.937296
0.94394
0.952311
0.959126
0.966726
0.972459
0.983698
0.991276
0.997567
1.004567
1.011359
1.016241
1.024124
1.031374
1.035447
1.040844
1.046595
1.052586
1.058557
1.06059
1.066313
1.068865
1.068657
1.07395
1.077238
1.083445
1.085806
1.082549
1.084714
1.084178
1.088383
1.087828
1.090028
1.095674
1.09328
1.095989
1.096408
1.097416
1.098054
1.097507
1.10337
1.10714
1.108297
1.113518
1.113568
1.122393
1.125576
1.132097
1.135316
1.142495
1.146114
1.152149
1.164912
1.171609
1.181952
1.185173
1.193886
1.202842
1.210324
1.220281
1.224847
1.228383
1.235481
1.237651
1.239256
1.240369
1.248479
1.250728
1.254671
1.260206
1.269063
1.267132
1.264215
1.26809
1.271023
1.272877
1.275663
1.273561
1.277957
1.275404
1.275203
1.279497
1.284662
1.285652
1.290344
1.292934
1.300545
1.304215
1.314661
1.319343
1.326259
1.326511
1.332092]

